4294967279,297
4294967278,302
4294967278,82
4294967279,136
4294967278,136
4294967278,135
4294967279,134
4294967279,133
4294967278,133
4294967279,271
4294967278,276
4294967294,437
4294967279,563
4294967279,280
4294967278,273
4294967278,283
4294967279,295
4294967278,269
4294967279,264
4294967293,131
4294967293,130
4294967293,129
4294967293,128
4294967293,127
4294967293,126
4294967293,125
4294967293,124
4294967293,123
4294967293,122
4294967293,121
4294967293,120
4294967293,119
4294967293,118
4294967293,117
4294967293,116
4294967293,115
4294967293,114
4294967293,113
4294967293,112
4294967293,111
4294967293,110
4294967293,109
4294967293,108
4294967293,107
4294967293,106
4294967293,105
4294967293,104
4294967293,103
4294967293,102
4294967293,101
4294967293,100
4294967293,99
4294967293,98
4294967293,97
4294967293,96
4294967293,95
4294967293,94
4294967293,93
4294967293,92
4294967293,91
4294967293,90
4294967293,89
4294967293,87
4294967293,86
4294967293,85
4294967293,84
4294967293,83
4294967293,82
4294967293,81
4294967293,80
4294967293,79
4294967293,78
4294967293,77
4294967293,76
4294967293,75
4294967293,74
4294967293,73
4294967293,72
4294967293,71
4294967293,70
4294967293,69
4294967293,68
4294967293,67
4294967293,66
4294967293,65
4294967293,64
4294967293,63
4294967293,62
4294967293,61
4294967293,60
4294967293,59
4294967293,58
4294967293,57
4294967293,56
4294967293,55
4294967293,54
4294967293,53
4294967293,52
4294967293,51
4294967293,50
4294967293,49
4294967293,48
4294967293,47
4294967293,46
4294967293,45
4294967293,44
4294967293,43
4294967293,42
4294967293,41
4294967293,40
4294967293,39
4294967293,38
4294967293,37
4294967293,36
4294967293,35
4294967293,34
4294967293,33
4294967293,32
4294967293,31
4294967293,30
4294967293,29
4294967293,28
4294967293,27
4294967293,26
4294967293,25
4294967293,24
4294967293,23
4294967293,22
4294967293,21
4294967293,20
4294967293,19
4294967293,18
4294967293,17
4294967293,16
4294967293,15
4294967293,14
4294967293,13
4294967293,12
4294967293,11
4294967293,10
4294967293,9
4294967293,8
4294967293,7
4294967293,6
4294967293,5
4294967293,4
4294967293,3
4294967279,48
4294967279,47
4294967279,46
4294967279,45
4294967279,44
4294967279,43
4294967279,42
4294967279,41
4294967279,40
4294967279,39
4294967279,38
4294967279,37
4294967279,36
4294967279,35
4294967279,34
4294967279,33
4294967278,268
4294967279,262
4294967278,281
4294967294,198
4294967294,193
4294967294,1012
4294967294,1010
4294967294,1007
4294967294,1005
4294967294,998
4294967294,996
4294967294,401
4294967278,264
4294967278,285
4294967278,262
4294967279,255
4294967278,261
4294967294,196
4294967294,194
4294967294,192
4294967294,1006
4294967294,1004
4294967294,1002
4294967294,995
4294967294,436
4294967294,421
4294967294,190
4294967294,185
4294967294,176
4294967294,170
4294967294,162
4294967279,254
4294967278,278
4294967279,253
4294967278,258
32,4
4294967279,562
32,3
32,2
32,1
4294967279,561
4294967294,1418
4294967279,560
4294967278,366
31,4
31,3
31,2
31,1
4294967279,559
4294967278,365
4294967279,558
4294967278,364
4294967279,557
4294967278,363
30,4
4294967279,556
30,3
30,2
30,1
4294967278,254
4294967294,1013
4294967294,1000
4294967294,1009
4294967279,555
4294967278,362
4294967279,248
29,6
4294967278,244
4294967279,247
4294967279,245
29,5
4294967279,241
4294967278,240
29,4
4294967279,239
29,3
29,2
29,1
4294967279,554
4294967279,237
4294967279,238
4294967278,236
4294967279,231
4294967278,234
4294967279,234
4294967279,232
4294967278,232
28,5
4294967279,229
4294967278,228
4294967279,227
28,4
28,3
28,2
28,1
4294967279,225
4294967278,224
4294967279,223
4294967294,387
4294967279,221
4294967279,222
4294967278,219
4294967279,219
27,5
4294967278,216
4294967279,215
27,4
4294967279,553
27,3
27,2
27,1
4294967279,213
4294967279,552
4294967279,551
4294967279,210
26,4
26,3
26,2
26,1
4294967278,361
4294967279,209
4294967279,550
4294967278,206
4294967278,360
4294967279,75
4294967279,74
4294967279,73
4294967279,72
4294967279,71
4294967279,70
4294967279,69
4294967279,68
4294967279,67
4294967279,66
4294967279,65
4294967279,64
4294967279,63
4294967279,62
4294967279,61
4294967279,60
4294967279,59
4294967279,58
4294967279,57
4294967279,56
4294967279,55
4294967279,54
4294967279,53
4294967279,52
4294967279,51
4294967279,50
4294967279,49
4294967278,359
4294967279,549
4294967278,358
4294967294,396
4294967294,409
4294967294,413
4294967294,148
4294967294,407
4294967294,385
4294967294,178
4294967294,414
4294967294,1008
4294967294,384
4294967294,415
4294967294,398
4294967294,168
4294967294,463
4294967294,457
4294967294,108
4294967294,404
4294967294,453
4294967294,418
4294967279,548
4294967279,87
4294967279,200
4294967279,547
4294967279,89
4294967278,357
4294967278,356
